5760
6716
2232
6342
3156
7714
641
1154
9760
11319
2423
8229
1661
7290
439
8421
148
1514
3839
754
233
8152
10996
8596
8611
5789
3403
1542
405
5619
3402
8008
10228
6502
2806
5126
2814
6464
11552
974
1162
1984
8631
5432
3167
8785
2553
5703
10560
1058
1406
11703
728
1635
3439
10315
6504
5593
10750
450
8929
2710
11451
6066
11351
1015
4613
2612
6905
4989
9288
8920
11375
1323
3452
5915
393
2544
2197
10652
10152
434
2807
226
762
5222
4274
7056
9487
6663
6096
11380
9564
3196
6443
7903
6265
7376
1332
4823
684
8031
114
4257
545
5276
10918
7716
8726
8439
3314
7907
5894
6242
4717
4678
1228
6674
7679
6367
10336
150
8356
11681
4766
8616
6673
445
8061
5887
7938
8468
4694
5047
8897
8889
1102
9257
10066
11530
11521
1962
10064
10416
2057
6421
4559
3825
8003
11368
4222
8762
5006
2080
3834
10252
4557
4022
3036
3076
11947
3302
7991
8292
1199
7228
1265
6208
108
2492
8084
11750
4256
2886
9805
3401
11029
370
10652
8839
11133
1054
4155
9687
9580
3019
7366
6886
1606
2740
7094
8021
8258
8170
6092
7388
6267
7319
5125
1740
1779
1757
10289
2735
5631
852
9204
3550
8438
8029
5577
3461
766
7246
9287
11102
10867
11325
3866
6888
6266
2015
6673
8253
6681
1913
2304
2544
4051
10834
9744
4272
7244
9817
3747
6980
4210
9812
1724
4373
11547
4621
4277
5178
2538
283
10720
11944
2053
7510
4295
5180
9203
8727
4441
8090
7787
11869
9608
9967
6248
11952
4885
11809
6472
10446
9975
2022
6135
11637
7301
10655
2437
3078
6077
4914
7111
8093
10002
3265
7765
9833
8868
6634
6809
10587
9196
10484
6945
3586
2511
3222
6935
11864
2229
1322
11677
4618
9388
2677
2147
7394
3869
1430
6220
16
5439
7969
11646
6152
8967
9325
6418
3705
4912
5999
5745
1864
10593
1821
7686
5680
8931
253
10343
5808
1310
3103
7585
8460
2592
1770
381
2272
9435
6064
9089
5839
4641
11368
9076
5384
6030
6987
96
1390
2557
4762
609
4017
7530
8719
8840
4527
11102
4738
2013
6898
2683
2411
3894
598
4858
6195
1765
3576
5164
2247
6710
10413
9661
9031
11656
7253
11310
3312
10669
10689
11187
9496
6972
6725
8683
6914
8189
930
9523
11102
4890
3353
11487
11159
3895
691
9409
1356
8014
375
4088
5468
3268
4631
11742
9595
3963
2206
8198
4172
1775
1918
6431
1480
3302
4065
5516
8030
3894
6036
2528
7175
8912
11815
1410
7827
10330
2061
7434
9527
11050
3516
7402
10038
8850
8127
6524
5824
11361
6846
7869
1983
1639
10472
1693
10645
5209
11804
4267
8324
3966
3691
419
5211
5298
9709
3183
7177
4598
3734
3743
8106
7261
9404
2620
1591
9366
11012
7324
9607
8252
3268
9303
4822
2116
4016
9263
9009
11860
8992
7113
9424
8098
8764
1097
659
5884
10289
2400
321
5552
8125
5143
10985
10829
8622
2507
6795
3988
5035
9864
7488
3215
431
9188
4902
9141
5277
7851
7986
4948
5396
75
8340
2482
128
8035
1655
3361
11775
2816
7638
4935
3767
7981
10515
2239
4432
5857
6285
2422
2199
6912
10723
11227
11096
9801
10305
6361
8397
6541
5530
11141
11346
5878
10062
3936
6095
9740
6033
10461
11532
6269
8404
6401
11810
5700
1399
10695
6943
1870
585
4979
7261
6611
3283
2991
6092
6891
5485
7344
11120
8567
8672
6008
9178
7295
9422
4765
2380
4376
5283
4046
3050
9833
8679
8240
2500
5465
4256
9594
5392
153
11963
5322
5910
3305
3449
11016
8632
11548
6805
4734
2902
5151
11086
5671
9926
3225
485
5774
3465
2837
985
1081
1964
9959
11330
7812
10253
4071
3799
3790
8562
7607
10551
1408
11333
51
2867
8786
5003
1933
5890
5160
6733
10355
859
4875
8549
201
10276
7177
11672
1428
177
7046
11107
11141
763
3323
4357
4695
2468
6153
10377
6926
5819
3700
9248
9047
5792
5982
252
7846
2367
4147
3463
2456
8003
2542
395
8147
1896
5072
2916
60
6256
6568
6836
9088
11924
4603
11209
5640
2786
11083
1039
10478
4441
11345
6520
4203
6502
89
5305
3016
8437
5146
10089
4452
9224
2925
10572
11803
1050
10768
309
3484
7883
7218
1349
1019
2235
2407
4888
10862
10580
9807
10646
7774
6440
2547
5070
11177
7603
10641
5313
2947
6577
1843
10886
2624
7259
7541
2419
7821
3730
7183
5125
8015
9298
9052
9785
3648
3336
1071
6201
8956
10688
1916
7748
8096
5380
10101
6641
5537
8972
11498
9792
6485
1208
360
7212
698
6297
5995
7842
11877
10587
1522
10683
6597
4281
2601
139
7207
6580
1221
3715
3574
5186
2804
9693
4949
4958
6404
11352
3456
5828
7173
9160
335
11487
9686
1336
7361
2434
6995
3332
5095
11884
206
9132
4075
9181
4148
7747
7773
4803
6300
4908
2424
7164
8519
8377
1077
6458
5629
4037
2886
5445
10019
10250
7099
1350
7035
1519
5482
2214
10375
1485
7201
3845
10183
2081
672
7815
4386
322
5978
9976
8806
2480
3339
1701
5226
8957
5425
11198
4324
6374
7838
11338
6869
9973
9877
4823
6985
4186
9998
9612
959
6106
9218
1462
9087
4135
4038
8380
949
4990
9194
6172
344
7257
9525
2184
10913
6797
3132
903
2221
2444
7639
7036
1605
6325
871
7143
9540
871
10791
5815
11200
1383
3245
809
2490
10748
1737
9420
11403
10580
6464
6200
5148
6139
6578
10995
4278
7484
11128
121
2658
9852
3979
6865
7644
7538
1157
7744
3959
11678
6344
1914
8000
9369
6612
8417
1997
11217
1129
5792
666
610
4775
3305
8247
44
11742
4230
3060
1328
7215
7861
7792
6620
10589
427
9053
6570
7489
9890
5413
10794
4277
4629
5735
812
5218
8852
6427
583
7806
3224
7032
9312
10565
11716
6630
9263
933
8576
7648
11984
1942
2801
6838
7888
9651
6436
3598
5273
7700
10041
1269
4176
4657
6229
3446
10545
7019
766
11141
9848
9304
10052
6148
11151
4796
10021
5874
1381
4012
10203
11548
6370
906
9029
7103
6147
5071
8969
5941
1075
3613
9869
1508
9878
10900
1857
8479
2440
5527
809
9160
4500
6791
9302
1815
6344
7971
1631
2837
11805
5814
995
9148
9315
422
3095
1571
5512
6374
245
3589
8526
5825
4715
7245
5601
142
3510
8521
5997
4038
5878
11959
11729
1194
435
2293
11868
10245
4902
630
11785
6249
7157
4670
7492
3512
5845
6108
2828
2865
4647
5707
3101
4248
9521
8545
11127
4512
4476
8913
1080
11293
885
2046
1584
5427
9430
1768
8459
2068
7143
8954
808
9703
8791
1488
195
2204
7801
4981
5633
1119
318
5856
1537
6517
6840
590
327
6450
1146
1417
9341
11032
7457
2638
11645
468
1232
1215
2759
3341
69
4004
6739
6199
1391
4638
6708
8382
5194
2707
3314
10395
7657
6535
4416
6278
8574
3021
3116
8452
571
11666
155
3225
3078
9229
1635
128
8314
9705
10863
6735
3847
10685
4652
4696
9014
7920
269
8595
1565
2565
8288
7358
1275
1411
6806
10165
5184
3031
2383
9352
4211
10313
1115
5787
10355
4378
4492
8135
11239
7473
1006
6
8104
3927
10970
10845
6414
1257
6869
6239
4936
8852
3793
6864
9314
8773
2458
10184
11700
4003
400
10304
9911
3087
8223
3018
10134
988
3856
4849
2167
7312
8249
4123
6708
8535
3106
11703
3929
7825
11351
3227
6800
9450
3355
3343
7989
546
3811
11256
4723
7071
6579
5656
4885
799
7451
5595
9910
9252
4
9132
2951
7126
9240
2617
7402
11088
8059
11505
11676
958
2931
3390
6793
11776
2738
4109
9149
7477
1912
3465
5643
9979
6909
10602
11518
5884
3551
6461
10215
7400
7623
1119
2877
4119
10619
6042
8848
493
5927
5212
607
2601
7314
10415
831
10351
7571
7405
2351
9758
9908
2173
2618
5231
9356
9466
2763
10900
4918
11562
9114
2706
2725
6985
6295
6725
8331
3421
6877
7645
9425
8761
7601
827
4112
7286
9996
2802
8531
3197
11594
10178
9750
1063
7464
6118
9526
11365
5887
10043
4412
1773
6330
4515
9653
11432
1296
5814
7399
5746
6981
8318
8451
10143
7275
5134
5921
9327
11460
3832
6065
6933
3751
9895
108
829
4964
7100
9686
6741
2400
9902
7309
9210
301
11307
7327
8872
1586
4363
1544
11054
6006
5180
2410
6851
1966
4107
4341
8377
10407
1751
8801
3810
5542
5072
10336
7254
5314
10887
8901
7971
2914
995
834
1186
1109
7186
3828
11518
6577
7796
7622
1548
5496
5508
653
5788
11134
7914
5657
3996
11875
5438
4551
7198
199
7559
10921
6114
5941
9632
4853
5676
1496
6203
6135
11270
7378
650
3635
11217
6433
7146
11913
4188
1301
3656
552
10719
9281
933
11117
2029
1581
3515
9467
9910
3738
2437
7411
9830
5621
6721
4206
7690
1169
1727
6185
8813
7533
2896
9073
8319
4170
8313
2274
6847
9072
1827
4981
6777
478
8157
8502
1379
4568
9009
5101
1635
9156
11488
1890
6112
2093
11020
2297
6440
11386
10266
1296
10630
4327
9580
11833
5579
11406
4005
11688
7820
7422
4541
7559
8049
7521
2543
7841
4613
2470
9873
6539
4167
2932
3878
2376
10119
8097
11000
301
1449
10765
1756
4812
7396
6534
5413
4583
11207
3989
962
6244
5616
6638
4807
3175
4087
1459
272
4406
7595
9071
9937
10688
9721
8299
301
7088
260
8542
6050
5866
3908
8865
6574
11102
10065
8623
1155
8071
2721
10110
6808
4066
11265
4695
3294
10750
5496
7631
4713
6325
8011
1662
2538
102
10463
10206
6688
8389
7634
9516
11301
2015
7417
8278
300
6800
7010
2544
3792
11711
9364
9342
177
8312
6556
6699
145
9747
11762
5258
11931
7124
2808
3633
5652
607
1725
10829
6542
7595
7918
198
11629
2600
4335
4335
7297
7290
8723
9969
7104
2382
4963
4393
9416
8050
5977
5053
1436
7506
8250
4250
443
6649
3114
9446
2153
3886
193
1363
10151
8530
6441
10838
7781
10371
2180
10092
9735
1608
8869
510
5791
6248
8296
11100
3022
9928
346
9644
9573
8336
5458
4499
2996
1630
1353
11431
5825
6667
5415
2237
11357
11344
8993
11633
2483
6519
2331
5981
10481
8704
1143
3353
1734
11942
2372
2297
5142
767
11901
2030
2916
6830
9318
7453
3747
3437
8096
979
11331
8070
299
9025
6139
5554
10756
8630
11621
5220
3507
11437
11574
4010
7783
8149
4880
4901
4749
9926
7267
3788
2851
11664
5947
4359
6927
4066
9242
7839
2265
2363
9912
5665
9984
9604
7710
9950
1569
10870
9752
1984
1414
4260
11007
3955
8569
4973
1558
2378
5470
8790
7574
8562
11871
11638
412
10967
3332
187
11155
7480
8264
5424
3416
4738
11225
7953
589
10050
6248
7491
221
2532
2586
779
8994
5962
91
2018
4240
6870
978
10789
356
961
8499
7765
420
9019
10915
9165
698
9310
10222
5022
3583
8639
8866
2016
1310
10204
9949
5964
8327
7609
11807
7740
4309
11566
3492
8695
9444
8933
8594
9256
4858
1667
6558
10710
5941
3204
1595
1415
5390
1538
7977
10639
708
8915
9409
3504
223
3012
6818
5468
1413
11260
8313
171
6460
1013
1297
2125
7422
2316
494
3195
3256
4181
1360
9448
3065
6180
6465
1202
7365
10263
1959
8848
9337
10878
3554
2579
1464
2555
750
1740
979
10098
50
4637
8281
11462
8378
5156
3769
3999
6731
2924
9108
9651
2163
2844
2918
434
353
9091
11109
8203
6147
8897
745
8139
6074
1308
490
2715
8724
7541
3124
7684
3178
11515
4013
7826
6349
1649
4579
3951
1509
9711
6828
2841
5592
2905
972
7328
4408
9491
11796
11227
5457
3034
9867
8813
7948
6118
10357
7068
711
5068
3466
2377
8569
6774
8752
6171
96
9876
8571
6631
9340
2247
6807
912
5714
158
416
7421
1847
10707
3633
1577
11803
5707
6177
2210
5600
773
8638
2928
3118
2922
7587
10521
4145
788
9721
8107
4805
8016
11478
87
3617
8649
11090
5237
6513
10105
8885
11031
6785
1362
11633
2170
5285
449
437
1209
5926
4720
140
2727
11024
1020
11120
2508
4688
5825
3627
2080
1231
7174
5403
561
10248
1037
8571
2718
8171
11931
10287
9718
9760
5684
9511
198
9352
3760
813
10994
1129
8889
5899
6961
1830
10656
6306
9026
11827
2088
1843
8606
2882
4030
9500
10578
10775
7662
763
11330
6344
47
3178
7422
11391
5051
779
4856
965
2078
8609
4292
1932
1799
2097
9755
3373
5087
4079
8163
4087
10568
8726
8165
8158
8995
5962
1704
7477
7368
2723
2928
7604
11892
2939
8053
4031
41
7844
8015
9093
6458
1027
1576
4596
2315
6909
10711
839
9981
9203
3164
3955
3377
10821
1280
1561
4132
7587
11990
7983
9839
2542
7214
4930
11617
374
7906
8378
10751
4056
2794
5151
9990
10726
2462
2908
4099
9262
9379
5448
6507
10937
1769
4876
7014
8384
5600
8590
3411
10174
5471
4547
9948
11769
8974
4658
6275
6238
2420
3720
3015
2961
3896
10710
9268
9569
8663
8799
11425
9536
3879
9231
10281
3700
11832
4206
2172
7669
3054
7690
3178
5897
8717
6971
9292
11576
7414
4303
5190
4182
2694
4914
7026
1546
4426
6331
4844
2821
4724
10634
7875
5225
389
11219
6722
6321
3467
10457
7300
6824
9661
7421
6033
8589
7326
3126
1493
3966
10651
10549
6404
1630
3527
11816
1613
11511
5781
9662
2904
7315
1380
5073
7919
10895
10551
8087
5798
1868
9608
1196
352
2557
1518
11742
6923
9395
4392
10526
2790
9556
7356
3876
5608
10951
5689
8026
5041
9485
247
5487
6513
2163
4221
490
3961
10405
1852
6794
11765
308
1776
2779
8058
3113
10749
7919
7459
820
4109
2568
4046
5917
2029
7587
1800
9980
11593
1513
2761
4903
6195
5509
2445
2033
1204
3606
4749
10471
4644
6616
7822
9040
3101
9191
1615
2025
9156
10563
7277
3148
2052
2057
6167
5211
9778
4649
6367
3653
6726
7252
1210
4257
5169
11619
3225
7687
8899
976
1010
6736
3419
1763
8243
5538
7612
1552
5782
6175
2062
507
11622
6763
7178
8453
9405
1085
6721
7643
11474
11349
10493
5380
8921
11105
747
8651
1455
7776
11934
3458
2682
3889
4489
692
1875
7774
5469
7215
2399
623
10103
9482
1147
5808
11911
4872
11248
9682
140
3350
1414
4984
9042
4430
1784
5049
8939
8165
9012
1193
4218
116
6910
2643
4401
4582
6901
6264
9308
11035
11
11518
6378
3609
9712
4913
6667
5644
1962
10970
611
10207
918
8592
3388
8803
11879
3077
941
1710
2161
10697
3148
1936
4451
1931
9104
4628
2836
3067
6517
826
3808
9069
10492
6591
10507
4315
2459
8557
11783
10308
11515
11815
10408
3936
2347
939
11258
8082
9676
9590
11560
6953
8169
10507
4379
8910
11022
9086
5551
11949
4392
9005
11884
3184
5960
9013
1935
2526
8283
361
9621
2449
11600
2612
2929
5376
4405
10570
3307
9404
10088
6628
3807
8806
8545
1676
10378
9830
3476
7954
10366
3844
3343
10990
2892
10942
9562
1558
5596
8441
3180
7434
5912
3535
5047
10539
4971
4306
644
11601
5780
8909
2760
2035
362
6433
6808
74
11796
6590
3133
1293
7572
11841
9323
2615
1547
8
4994
4010
728
7473
9914
10535
6976
3893
5274
10920
363
10833
5425
4199
6320
1667
11758
8984
10601
724
2444
4836
8882
7810
1080
9658
7206
9929
10323
3490
2804
3906
5890
9205
873
9840
10834
10591
4094
4348
2962
6526
11957
10211
6472
3572
6625
11825
9080
10854
341
8847
9627
8306
4083
7935
3119
11919
8484
7742
11142
2181
7774
3570
9255
3947
2755
3449
2071
10110
11759
3689
7585
6615
15
5926
4836
1462
3087
8245
10994
32
8418
11675
9070
9948
8454
4157
5741
1438
8136
1658
1158
6640
5140
520
2734
7959
11038
2359
7100
8684
1570
8239
6799
612
8290
7186
10263
949
6660
2402
9209
9139
4344
5056
1679
3236
9898
11252
9788
10586
4929
709
3678
7511
3610
1740
1362
4823
2355
9719
5561
1641
378
4583
5702
7254
9613
5642
8555
11949
9805
1343
4052
915
6982
3529
4115
7167
3811
7637
7915
5120
11329
4853
7456
7864
7743
2752
11085
9559
3334
10629
6401
4798
765
283
882
4719
1997
5229
1517
2137
9582
1723
4479
5378
5001
11646
7063
8621
2510
60
3386
8808
4880
2289
4504
6044
1750
4521
8339
11961
11892
3730
8743
8945
6126
5857
7515
2574
1926
4529
7597
9054
8194
6201
208
3392
3515
4210
11671
8652
6107
2562
9028
4020
11661
3841
11716
11760
11511
10907
11601
11385
9224
3413
4013
8424
10220
2169
9966
1061
6466
7547
3815
2916
10378
6794
10103
333
3109
2596
3988
8569
2288
11953
1267
11739
9454
8863
11015
4709
5838
11945
4508
4959
5674
5218
10502
7457
10366
139
2836
11023
3651
1123
8400
3788
7412
4709
1731
9937
4796
6097
4734
9583
11554
8388
11052
2605
11007
6782
6731
6916
1617
9790
3188
7220
6454
7274
10832
5964
2406
6805
10590
6344
1108
5946
6581
8052
3865
8428
825
6581
10196
11593
2731
4484
3933
11752
3959
2205
1586
11827
7856
5833
6779
144
9755
4837
9128
582
917
11129
4380
10286
668
4804
9047
3133
9331
10409
11196
8972
11921
11533
1753
2598
3894
6184
7284
7136
2368
4091
7202
9865
1166
11626
4082
5516
585
2056
6371
4035
2539
943
10426
2402
10961
6613
6923
11353
9617
3890
796
3306
8880
1506
11369
4751
7648
4756
2368
9427
10945
5047
198
9705
3120
2640
7806
9610
10431
2634
9894
4045
5997
3131
217
8195
2055
11239
9166
6341
3834
4811
9537
9748
8382
9060
11642
2675
11376
5098
9502
11811
1347
566
8217
10049
3785
6464
10168
7085
2116
11910
4821
1735
2019
404
3584
6265
9955
9811
7988
9316
10283
9847
8512
10803
8577
8606
7059
7287
180
7226
8572
7727
7327
917
11817
5262
10015
4929
7733
10909
7139
10662
9233
1447
9408
1926
7473
8506
11585
7102
3261
8608
8819
4169
3356
5188
6472
11206
8515
9184
4197
3643
1928
9703
5151
5304
3114
8436
6078
2944
4361
7782
6684
4159
634
11513
2759
2523
6330
11576
6055
3561
1243
5705
7442
536
4345
1396
4020
11315
7284
9768
8521
530
989
9623
3252
854
1086
4563
5052
6689
261
7405
10114
6997
3358
3990
5328
9272
9898
10362
6
5508
11428
2537
5340
1675
7829
4686
8222
3268
1757
9747
1269
3067
6076
5049
489
1588
3412
11361
1438
1156
11242
10865
7296
4303
7588
1727
5735
7360
10182
10950
4709
8790
4468
6568
8760
7730
7685
10553
9352
3594
1737
4075
5559
8330
1721
3702
3987
3496
10751
3851
3956
1537
8404
4395
8999
11790
2728
2974
8762
10284
3952
400
81
9904
8010
1133
2630
3475
8937
2915
9665
5417
87
4862
2553
7512
6632
9977
8070
9258
3793
8004
6969
7947
4521
11319
11937
2059
9708
6497
1753
8358
9014
6397
2208
3274
11116
646
10298
3308
8558
5377
6226
9288
5942
3659
2189
5593
5701
6560
4519
8592
11805
1663
2559
814
142
8418
10235
3164
10905
9071
10630
2979
6116
7100
5321
5299
2359
5401
5253
8233
10913
5910
6579
7968
7148
4776
2159
3743
2321
5629
9000
4953
8296
6420
6766
8329
9325
2137
7089
11185
10298
5348
9396
2031
5226
6406
2570
6668
7111
3124
4863
2274
1921
257
5586
10246
2042
9265
6324
590
4289
1248
10101
688
11833
5828
9998
11251
2270
7329
5775
9415
7489
9528
437
10688
11325
1068
11136
6499
10009
9888
3369
5590
5853
2634
2881
349
10565
2175
11155
11991
1527
11121
10772
6652
4088
3740
10791
9424
5234
9364
4378
9809
297
9512
5484
11590
11501
10146
8131
6528
10047
10253
9962
8185
11195
7869
3374
5561
1542
9065
11372
9416
4459
1899
1561
8169
9984
51
1262
1179
7930
3137
5881
9728
752
7800
2894
4652
1339
9038
7092
5923
10958
1696
11536
8327
10923
6240
4012
9082
9656
8243
6781
11678
11386
4072
1540
2036
4
5612
1331
7986
675
6260
7266
1308
6248
1935
4311
3086
8610
6307
7129
9810
5152
10281
4505
4274
7842
7644
305
8511
7634
11805
9959
4916
1211
3828
7732
7528
4015
11971
10745
4913
6097
5145
3261
6256
9510
2987
7758
7854
5886
10269
5719
5244
7315
2376
737
10935
11503
11161
1684
3571
10492
5229
6431
5325
10469
9675
2344
10793
673
10164
10578
2232
6915
8698
6518
1592
11014
11928
8931
7522
5414
6366
11943
1715
5313
9729
872
10065
11489
7245
285
1683
5577
11991
5345
2392
7697
5447
10400
1121
11975
5274
8901
2481
8774
5956
11852
7084
7396
5814
5394
1728
9031
6427
11821
979
5943
10825
7424
950
861
847
4323
2909
3134
11094
2400
6750
10231
6764
9035
627
8703
3802
11672
4188
11149
270
7253
3614
674
5402
7452
8401
10441
7073
3268
10249
1513
4428
10915
10727
2805
1506
8656
1327
912
90
8564
7476
6814
11659
1562
6494
6180
8811
9569
7420
6703
6734
8025
10414
2506
6430
11565
10583
7139
2342
806
4479
213
5291
6600
477
2010
502
5938
11666
11405
9847
3751
10024
3336
998
8847
9217
9044
4116
5106
3865
258
4037
1464
4537
8437
8588
7267
8423
6809
10658
11060
3298
9792
11802
7546
2037
10561
3906
6260
4359
3842
11376
8539
2644
740
9544
262
6012
2321
10477
9806
1923
11033
5565
9250
6238
2493
3440
10160
10780
11602
2
11895
3867
5948
8748
9211
1632
7493
9644
9149
3515
6232
1010
3880
8383
1463
5401
5973
566
9649
8730
8244
7382
2733
5160
6723
11551
3050
9210
8402
9865
7468
8850
1880
2958
5806
2726
10397
4101
11448
7980
6626
2246
9909
3763
5574
6276
3116
335
76
4310
9319
11147
10735
8753
7973
477
11415
6057
682
6645
7988
6329
10447
6485
3967
6271
3993
5135
3352
4185
7236
10016
4994
10558
956
2314
10737
3066
7982
11544
3199
11321
2886
1152
7956
2192
1949
1831
930
2326
1538
9966
2809
7503
7882
9782
7496
9080
1788
2635
465
9242
4784
11378
5680
11659
970
1602
6541
1642
4228
4402
10304
2278
1597
2911
5030
1320
11398
750
7139
4664
2225
4314
8216
4783
8121
4310
9127
111
520
4374
11069
4301
2110
5794
5498
5651
9507
3510
2744
10580
5286
4319
2415
6064
909
10100
10490
2619
10211
1671
195
2474
1740
2056
3832
11708
5618
5430
11870
1003
4753
6794
5410
9494
9395
6573
6813
8942
2464
689
8589
1954
6600
11693
3098
7569
599
2898
9408
2078
9390
7696
8859
3163
7036
5807
2689
0
11455
3487
11495
11805
6657
10497
10859
9236
8838
5031
1936
9732
11455
8241
8080
8357
3357
4776
9899
10569
1664
4167
7169
6967
11321
6657
4535
7538
3625
4903
1380
11361
9156
9456
6696
6176
5575
3400
444
4844
8788
8103
2712
646
4266
882
10226
5832
7473
4015
2311
8928
820
3618
4469
4246
11546
10082
7493
4986
1008
7074
2188
6278
6974
5159
7233
5581
10899
9364
9647
4553
10372
5862
7644
11204
7263
5860
10832
7315
11916
2651
3297
9098
603
11506
10493
5997
7451
2104
1275
2210
5718
1909
2336
10716
11235
3113
11458
8346
10253
11334
8803
2842
621
6915
11372
2832
7008
8879
3848
3406
7926
4661
7678
9653
2259
7852
4953
7020
9988
4802
7171
1146
714
6109
9342
8292
9333
2477
2291
1243
1458
11263
11526
2347
692
5829
5345
5146
9101
4475
6623
2815
6753
8739
5733
10240
812
4255
9606
10980
11476
11133
9225
562
1351
9474
9375
6082
1548
9450
10013
1709
5341
6898
868
6019
10703
9257
3915
9593
11062
10474
8349
5554
5587
9264
10602
1567
5989
2639
11225
1894
4440
2533
7553
4724
7563
9743
10417
4049
1571
3184
11367
8227
7490
5102
8199
10929
3303
5383
4424
2700
6794
5941
7247
3098
9530
1185
6552
5978
6024
7286
6042
5347
8778
2114
11135
8442
9333
9576
11610
6093
8207
1446
4893
8171
4388
8518
6291
11846
5870
5495
6612
9416
7442
7579
9064
8707
8349
485
4103
1653
2490
6521
4355
6104
9473
752
1494
10361
3439
11327
7872
2482
8604
9667
8705
1823
8853
8418
6661
7874
1316
5561
6256
3568
8411
8202
9118
7418
3633
91
487
6110
30
2746
2014
2745
8531
2077
5986
11814
2780
3608
3999
979
670
567
2947
11133
8785
4537
758
11100
812
4417
6471
5597
11610
5654
8376
3258
604
8412
9552
10148
743
9293
7373
11884
5812
344
5721
7211
508
5649
2619
10986
11008
4475
11421
11476
8754
34
4469
8180
11366
6194
6070
2228
10798
9576
10251
2364
7981
4283
528
4028
4998
3859
6169
4684
8678
1690
3927
2337
6498
1087
10108
7197
8503
10673
8580
9811
8668
2265
8587
879
3777
5229
6301
2596
6738
11550
1311
849
2493
7701
139
10818
5626
4066
11521
8268
10764
4377
1666
5847
4743
8618
1523
3712
8978
11913
4530
2771
11622
5728
11420
961
634
11700
5925
9490
10872
8627
3774
6701
10875
4850
8256
1606
1233
11360
5980
10242
8743
1249
9027
1356
5690
6776
5163
8809
7718
6091
9749
10561
2006
4841
1135
2383
6565
7496
2670
5628
3268
1526
8140
11361
4727
10097
2787
5649
10658
88
9624
2701
3754
11063
9564
7099
1840
9702
9189
6175
8476
2020
1330
11969
11396
6527
8232
5253
2761
9879
3511
11062
2623
8804
7970
4511
9571
5566
2358
37
3489
10698
7745
4416
11165
8488
8919
10295
5577
9037
1992
2467
6004
9182
8261
11661
9977
6980
6108
9332
7529
6086
1785
6665
4417
9100
7976
7022
655
756
10684
11235
10326
9270
5992
7898
9819
8651
7046
6719
4394
1148
2633
7427
10004
1933
6198
4344
8583
2842
5991
6350
6990
5597
4072
49
10651
8779
10727
4507
5189
10662
6735
7431
855
2243
2984
8420
10457
915
8729
2529
460
8963
8312
3390
1420
11704
5418
6987
10986
1134
671
1870
516
2881
1330
11207
6090
231
9140
2107
6859
8530
10010
10527
8018
8534
4970
980
80
8981
7116
5517
5701
5599
4611
4065
8514
7278
494
10485
5955
2190
3063
9851
10904
11927
11675
8580
4216
2503
9818
7408
5936
422
2424
1058
3771
10839
1017
8385
4782
7277
7666
4735
7570
4139
2902
2456
4450
9665
5137
2921
1580
10297
6989
517
6689
654
3881
6984
10028
10239
6409
4698
10157
287
1538
9576
461
7871
6365
10220
10177
4611
5344
6615
11752
8248
1459
9477
8665
11994
1719
5454
4073
2496
11721
7996
976
7239
4774
7949
4547
8721
5700
2784
10363
2605
8763
1658
6854
6243
1363
1064
2404
358
10711
2278
4021
5416
4077
7120
1282
10464
6304
1904
7058
3458
6168
11951
8755
1722
11800
2381
1485
4512
5139
3550
11142
3781
2300
927
10712
5989
7759
9591
8627
1304
1712
4048
8096
9517
1241
5020
9542
4090
1068
11562
167
2751
1288
3707
18
4353
7609
597
8423
9960
10385
3135
8118
6277
609
741
4501
11153
1262
11134
3968
682
4145
11739
6179
10446
10203
3807
5862
323
11885
6991
7195
7115
966
9896
3618
2177
5708
1844
9327
6599
3580
1383
9655
2330
10361
8720
3773
9305
10178
7273
784
928
10991
10026
2777
3446
1364
3973
7565
7820
1755
467
246
791
7709
2697
85
5155
11762
1786
11824
7116
11653
10033
3090
10287
7504
2773
11956
10000
11486
5240
7893
4967
776
9955
6273
8799
4288
5533
6590
5434
10348
2933
7216
6257
1388
2675
8962
5012
6792
3710
9930
3750
10995
3523
674
6510
4717
2311
408
8415
7342
2679
4144
8882
7287
10000
6253
6023
11072
7305
6980
5666
688
9007
11975
77
5753
2563
1092
8683
8377
4871
5171
5374
6270
4081
11687
8043
9363
4368
7138
5796
10560
1419
11357
5460
8757
4073
5521
1739
2865
3352
1780
3265
11949
10502
578
4698
3038
8104
6131
588
574
8445
3169
2646
10558
711
3909
11301
5020
5262
4408
10858
9333
11776
8651
3938
7485
2981
3392
37
2472
6565
11112
4874
4562
4948
7022
7819
7639
6427
11136
2105
3960
4973
10740
9855
559
5290
215
1756
10576
8587
71
575
3288
8211
10397
3458
11514
11062
8272
8401
5860
4457
3892
5950
2266
8623
2883
3356
6948
6322
12
2695
9450
11882
9148
10124
3251
8216
2865
7425
11825
4374
9454
6640
1141
1174
1772
10253
6968
4969
2217
9649
1859
9181
7797
8497
11178
11637
10292
11049
5481
4618
5700
7276
8474
3432
4834
9776
8675
4097
9159
9449
8056
244
1182
8832
1444
4539
542
5706
10336
5998
8899
2620
5600
5150
9689
5830
4964
10942
3013
11531
407
464
4620
6081
4106
8872
11817
4543
1456
297
11496
7322
7371
1845
11454
10529
4101
9099
448
1210
11881
4202
9782
9591
10029
7118
8287
8862
1178
3754
505
3341
10258
8428
8802
7119
670
9244
4266
10445
6232
10099
560
8256
9225
8568
5662
1605
11348
8362
4800
10731
7476
52
9586
11941
6918
6703
11887
4130
10970
309
10805
10704
436
10784
8038
11576
11002
9461
5477
7934
4740
6141
7268
3191
4182
7963
2342
6048
1605
8532
2403
9204
11207
10119
5740
802
7838
2527
9740
9804
5848
4787
1196
1468
7325
6739
5957
7366
1245
2918
10058
7893
9410
3888
8064
2491
4642
10146
7303
8506
10680
11018
11100
7012
8155
9596
7576
10319
4038
11281
6371
627
3472
4284
3603
765
9553
8613
8474
6556
1547
11839
168
3359
5091
1608
5933
380
8085
6783
4653
831
7956
3127
8570
10057
10792
1904
1869
1866
3229
1461
9066
3535
10253
2899
7056
476
5616
4365
11566
1409
402
1808
10271
5692
4925
1671
10764
485
3286
5353
9328
10629
11235
8115
642
11197
6131
5367
600
2663
10216
32
3488
9263
8865
8801
2521
5817
308
4726
2141
10893
11943
11807
3577
4586
8233
2002
1294
7539
7870
703
9201
1320
9263
11415
8630
2812
5074
10271
8935
3576
11021
1056
2470
5229
216
8524
8932
11162
7623
11502
6229
1333
8776
8078
11595
3354
9022
6753
6659
11705
4130
3533
3285
1985
88
2699
7816
9445
9349
11105
9781
485
10972
5597
329
2987
2805
7197
5932
7092
1996
6239
4848
4833
4472
4314
4896
6284
6042
1463
5041
8952
9953
8977
7180
4
7226
5651
969
4624
8633
4244
6211
970
10640
7598
10956
9782
10525
939
9466
5619
9547
10423
8019
8062
10762
7329
2289
2209
5569
11682
10394
11234
5654
3074
1409
2774
11880
7556
654
3057
11750
3651
699
3021
7499
2320
2249
1022
5979
8827
3261
8413
833
150
5638
4940
5339
3872
5794
11687
8799
5377
11573
4463
5094
5333
10085
11177
9096
3675
9633
10188
4978
824
6109
3307
2499
1468
6801
11922
717
9506
11740
2366
4089
4576
3790
5331
8726
8690
8132
1914
5390
10798
7054
10667
6007
3764
2452
3282
11739
8495
3231
8054
10799
7007
4070
3589
4129
4521
9623
10526
3922
7259
8361
11821
5139
3063
3558
5041
10086
9027
2506
2905
1724
9660
11363
9685
1300
843
3107
6993
8985
10226
2277
11697
5983
10005
762
9982
2792
743
826
9906
1770
2010
9855
10124
9909
10341
11633
69
9166
7787
8415
10219
9431
3429
6028
9527
5113
6986
4638
8563
3222
10061
1174
1629
826
5490
11746
9184
2685
3648
893
9033
7848
543
10125
2203
3750
9787
3301
6633
362
1244
4457
4954
9346
5280
6957
1685
2894
4494
8461
3705
2888
9624
2071
5917
7377
792
2298
4618
11985
5312
3820
5521
708
1547
516
8120
11937
11886
533
6141
918
5308
4243
1713
7731
3975
8570
4392
11536
5132
4316
10933
6887
7649
177
11023
11380
9194
333
598
5121
6198
4392
6474
8000
2112
6922
11516
6146
8112
7851
3244
9940
2209
6112
8413
9333
5189
1284
11319
9177
1223
2426
8659
8469
3441
11642
380
1943
1163
2479
4047
782
10714
6151
1776
7872
1336
9263
8105
359
7630
472
11663
966
685
5480
11236
5767
984
4836
1375
7525
8973
8559
9588
1282
3917
7395
8798
11265
2098
8968
8839
6110
10751
11853
10318
941
8455
6974
9172
2625
9656
1777
4135
4888
1768
6656
9797
8506
4729
1298
795
5151
3193
6564
9463
4892
7773
11681
10224
8074
3726
9098
8278
10280
10491
10139
8195
11066
3601
9226
8888
942
4991
8331
11804
1941
4651
3393
11797
4723
59
8158
4427
11296
7782
10880
4626
7757
3840
4899
650
3022
5759
5861
4310
5921
3183
7524
11715
1855
6851
9499
8972
5487
5691
2115
4185
11352
4990
557
7289
87
4682
3107
837
4299
7013
3693
6758
1675
1610
6666
4024
9908
8863
8791
7475
1331
493
133
2159
5762
11680
6304
1532
6
7900
3736
462
1341
7157
5951
1986
7712
8702
7246
11930
11366
584
4180
6435
8516
11716
602
5754
10616
4474
2439
9581
6180
10997
8394
4633
10074
11157
497
79
5331
10345
8127
5834
9499
7052
1125
1929
8294
9436
2333
3418
7891
11478
1934
3741
2176
8465
11808
9706
10235
11214
5200
7820
10116
4886
7716
200
11723
6437
3444
6126
1224
9075
42
1297
10095
11461
10121
8492
1811
4744
2232
4648
1658
3927
3410
6062
7071
11039
4888
4445
7666
8626
4940
919
10399
2887
8243
9060
542
4946
601
5601
2705
2663
3126
4143
8704
3246
10251
7815
9239
2390
10641
10333
119
6200
449
1866
2193
11214
3836
8488
6989
8576
1199
2127
5621
9506
243
2755
4024
10727
3588
5329
1065
11073
8288
11758
9421
3811
106
7268
8405
7668
10881
6214
1608
7249
11575
8957
8060
7740
9891
9273
10676
5609
6087
8006
3850
10482
1275
8615
8299
9425
511
10384
2172
6867
9769
6263
6790
212
10552
4941
6935
3067
5752
1826
10819
1708
7250
609
11701
10077
1476
9377
9800
10629
3521
5237
6743
7281
5695
4397
4854
8271
9598
5498
3596
1971
9466
10463
9161
11891
5405
4047
8390
11385
1913
7185
6205
766
6742
4284
2529
2658
10947
11631
9732
6585
9037
5229
7390
7086
4176
7279
10176
803
2841
9356
4075
892
1170
6265
2745
3003
10289
10458
7488
6160
561
10216
5069
9252
3172
7642
4385
7701
3173
2062
4134
895
6049
3808
5063
8887
10753
4590
1483
4244
6375
4466
1216
6421
9195
10300
2875
2843
4107
5987
3465
4382
8166
2587
7153
5311
881
8897
10213
9006
10229
11509
2082
2705
10228
8222
6160
4362
3158
2649
10330
3968
10852
9097
1776
4756
10904
4958
2197
1969
4104
4335
11461
5114
9736
11225
9094
9836
8040
5063
3262
4656
2277
4934
3492
7226
3264
2653
6059
2394
6936
11220
999
5210
2087
8555
1107
1680
1868
4739
3235
11253
1076
9361
11573
1680
10856
1748
1152
9519
6045
4537
5172
10367
6080
7538
4370
8685
8862
3631
3759
5545
2482
8436
8418
11630
59
996
6959
751
11290
4839
10014
8171
11227
2381
6054
11297
4833
2194
5860
4268
8989
162
1629
2530
649
8450
2609
582
6
10182
1659
9461
1979
5108
9336
9470
2872
8468
2086
9253
11562
9286
8052
3646
5709
4726
9945
3915
5796
4771
825
1422
8848
4748
1492
6055
4762
2389
1852
8797
2102
120
713
4360
7153
4781
9248
4929
4733
2709
1333
3102
11753
11205
8596
1798
3389
7679
8659
9455
1254
362
4863
7255
865
9654
3854
8245
3730
8682
7417
3293
2691
371
11794
1564
10556
8131
1657
10647
7829
8658
933
4928
7824
8149
30
7523
3182
10854
5024
5653
4491
11314
5939
8350
8304
2307
8916
1228
11560
7290
1228
11384
5499
11435
9470
6350
9678
4866
5422
1409
5154
2721
8171
9573
4521
11215
11545
6051
1265
9128
5738
538
8069
15
10079
1790
1029
2079
6683
11382
1317
3270
6947
11478
477
5870
6482
11604
6002
7150
10446
9561
2424
7099
2781
1592
8357
4512
9856
6566
327
9660
5507
0
9636
9418
3387
399
1949
11791
9478
8120
5465
8242
10563
5790
534
4702
11335
11211
11938
6996
8515
8215
1050
4281
7663
10769
8980
775
6304
1323
4864
5938
7317
11861
10138
7113
3272
4906
5390
10875
852
3681
3229
9093
7887
6953
5545
9021
8450
6020
3167
6949
10120
8290
6080
6659
4498
7620
5038
7800
6883
3671
1464
5906
11440
2802
2450
10046
9357
574
10621
8886
3146
8985
3344
10423
11992
7351
6232
2434
6410
4824
9472
4388
11605
7587
7209
7728
11628
4920
2905
659
7470
5084
7021
5123
5989
2626
4417
9505
8311
10416
739
7945
1453
1190
666
9156
5421
9
2146
19
6386
6629
2017
404
4769
10394
1692
11458
7545
1335
7659
10880
10583
8985
5221
6242
3145
7487
8892
9444
8250
1319
8461
4364
4573
7094
10269
1233
11182
555
10816
4357
8303
3352
3119
3956
5977
5714
6561
2540
10282
6130
1755
7502
11797
4059
1789
455
11991
4330
2195
9791
5645
7013
8677
2259
4725
8346
3641
10144
4022
6377
6997
9477
6381
7567
6597
1299
654
500
10393
1882
8776
7638
4890
11571
4169
6580
481
10083
6905
8908
11099
1444
10734
1587
2399
9875
847
1324
10619
8456
10386
9802
8379
10710
8288
9628
4123
2575
1184
9400
7556
136
2124
8682
2259
1809
3143
6940
2531
2074
10444
10400
6456
10011
5445
1841
10762
11195
3239
11539
9752
11552
3470
4235
7392
10924
2721
8534
9936
11324
4651
6307
9426
1188
2351
2934
10488
1489
11106
4958
3090
299
5185
4430
9721
180
777
9148
1341
4965
6488
805
6301
2242
11667
4086
2893
10073
4253
8190
949
8333
460
10330
6778
1566
11647
9761
2766
5894
2424
915
4060
8040
8780
1182
1758
5319
9731
7888
4082
3477
3044
4253
6666
2171
4463
8236
9947
4548
11320
9036
10535
8060
629
5799
3028
2863
9713
1293
7672
1324
11200
1965
3443
3628
549
10358
4895
1211
8174
3889
702
6996
1076
564
440
926
10071
4823
9943
5135
6164
6732
11334
11501
2775
912
10669
6671
11574
9405
5773
6118
3733
7559
6031
7467
2812
11827
4666
7151
5386
3665
2297
11358
3208
8516
6197
2991
8407
1460
2357
11824
2750
8801
3979
5515
7543
904
2770
874
6324
10553
11923
3447
11114
11652
2845
538
8826
1251
2459
8120
5111
477
8423
6751
5776
5703
6306
10770
3559
2884
10964
3705
411
4667
2155
9669
4016
6195
1326
4708
218
10291
4043
1299
8411
8650
6501
8895
6157
916
7389
1960
4295
4259
3318
5427
606
10034
4077
3325
11376
10498
3206
3598
2386
963
8251
3636
3931
9778
4203
2094
701
9419
2300
1888
1046
3415
7332
7163
6200
5068
6576
3874
3745
11307
7969
11176
9324
9515
7347
131
4178
6767
1916
3178
3635
3870
11722
2361
102
1233
2343
7165
8075
2504
5367
7188
10937
8067
10135
2843
419
3403
11619
5790
6354
3008
3411
5034
7231
6110
2383
541
1428
1045
9954
4481
5427
9546
2747
6838
2593
7386
30
11015
10216
6277
5767
11544
1593
4036
6499
10937
2496
3299
1585
1069
3244
2921
5883
3342
8192
3892
6712
3330
344
7997
831
7314
6250
7950
9294
3117
11104
6181
9660
4855
7528
1798
6325
10642
11460
4547
6589
8178
10150
10192
10653
2188
426
9017
2640
744
5209
3260
11318
2188
4458
2053
391
10703
4688
10281
1247
7761
10739
2148
6509
11471
5650
407
7685
11675
4551
11772
2266
3472
3449
8816
752
1643
894
1910
11371
10946
7052
9334
6703
1284
6488
2816
6466
1175
10378
9340
7128
11162
6
3313
10470
11665
1683
10011
7523
8335
9106
2403
7312
427
1148
2125
11571
9133
11010
7552
5211
5111
1178
3358
6334
1135
7034
11556
3106
4500
11160
212
5398
496
6190
875
4272
4647
9475
2329
9667
2881
10951
1325
11351
11839
9514
949
10125
11477
10083
1560
6552
4508
8467
8053
8521
4551
1692
7354
8332
726
555
4459
4356
9013
6595
6343
9714
5772
8542
5671
7474
9285
4280
872
277
7921
8002
8512
5716
4595
4244
9191
11852
11489
2124
10078
3685
2759
11071
11756
3988
9271
8734
11346
1798
7764
5884
11650
10972
3153
1931
2424
430
8839
8216
6295
11800
1908
5310
7922
2094
453
1164
10932
526
2233
997
11041
1955
11964
858
7667
5701
6248
3203
3742
1973
7924
4453
1805
2045
4102
2656
10662
9709
2623
5726
240
6899
11512
9452
7349
2525
5114
8346
7047
11329
8446
1638
8329
3785
1139
795
10743
9994
8311
3353
4127
2659
6959
7139
11227
3387
3739
10485
9283
4823
3031
5727
5200
1579
1755
2557
2755
10906
11299
3805
8450
11268
5262
10666
7770
783
851
7821
10560
4572
1456
11084
6913
4946
11962
11905
7428
5736
11661
10485
9875
3604
6360
7779
7081
2534
10717
10407
2552
8119
1587
3734
5805
6368
10234
4816
3529
9929
3073
4119
7808
8946
4557
9857
2157
7953
1440
9211
7566
7363
11368
736
3151
3499
4725
328
2871
9695
8886
7280
10052
688
2820
10786
508
1452
5469
2586
3253
10927
7440
11340
4564
3858
4691
6427
2785
3676
262
7954
457
3231
9517
5103
7645
5024
2322
7657
2606
10456
2849
1653
1477
6543
5026
9225
10351
4809
2370
8511
1390
5895
10270
8427
10814
11765
9559
6888
3664
6186
2703
87
4762
11099
9461
3634
10628
3475
6768
4486
128
8311
2460
5209
135
5084
2856
8697
2243
1886
5073
9020
6926
6905
5189
679
1230
11055
8387
4329
7711
11758
10766
8287
1796
11411
7552
7559
4226
5027
4336
8477
6149
8587
2928
2697
8496
5778
4587
9223
11395
1409
698
8238
1656
8900
1360
6068
10329
6273
517
7395
2218
9605
11666
3816
8753
8848
8326
7445
11174
510
612
4379
3519
6811
8989
7701
427
11164
583
2099
483
10981
11376
2416
11465
1294
11660
11369
6343
8312
3782
4932
4322
490
2822
4860
1854
6959
2442
10174
7402
7332
8344
2315
11392
2655
10455
11244
6406
4506
1672
2146
6225
11000
4379
11955
7896
3784
570
849
3706
1894
7022
11771
5154
10156
485
6234
1781
7736
1633
9086
9336
10491
8234
5354
9469
4508
4792
6428
11819
574
6636
7863
1232
644
10844
524
381
4590
1093
2778
10737
3040
6869
474
93
4761
2690
5549
9044
10397
6756
6245
5080
2085
934
4632
11378
337
4964
11089
8948
8823
4316
2093
211
6879
5896
7785
4649
3384
784
4472
1332
7106
9143
10232
11571
11501
7144
2649
9862
10405
3201
5978
4432
3922
4453
953
10136
5997
4643
2710
8869
2523
2945
7680
11327
7412
10076
2614
3428
7484
1041
5883
2107
4930
11454
11116
4561
738
3204
10087
4216
10397
8001
7591
4782
4382
2992
3804
7096
2882
11285
3131
3033
6422
10815
789
377
1614
10046
9924
10633
9187
5747
11609
945
4608
8295
4083
6402
10043
3967
9339
4187
1710
7353
10316
1720
3317
5675
3199
2622
3156
6927
2090
2648
3987
1094
11230
10030
3864
8126
3880
5720
380
6706
9666
4177
7023
11932
9047
5646
1505
8682
653
5041
1571
189
2601
3773
3686
9405
10016
8841
4316
7197
3034
3738
6952
8704
6320
5263
6260
4057
6945
7534
9935
2895
4458
11176
9598
4026
11270
4419
2593
5975
10636
4953
188
11228
3160
5021
3924
3149
7031
9297
2153
753
7307
6001
11507
7331
3399
5168
3523
6059
11079
5611
4730
279
1928
10506
8969
7518
1958
5105
766
8355
5700
3145
4439
11708
10133
6312
11171
4824
209
7037
6710
3871
1291
9588
7374
3209
4016
1671
6334
8000
8766
9801
4755
5908
2296
7861
10708
11592
1169
2301
3037
1164
11022
7817
9817
7968
11883
3534
7226
6185
466
538
1561
1119
8288
734
11173
7868
2149
839
5325
801
5745
6050
6781
11755
761
4244
10447
11262
3392
5805
1769
458
538
2026
6153
3825
506
4724
1724
2558
6856
1478
2801
11058
5709
7784
5852
4578
9654
9940
4681
7840
11545
147
702
1780
3555
9476
2512
2393
7795
8875
3060
8393
5153
545
11123
908
1082
2934
8383
11763
4934
9999
10538
6257
3709
4884
8181
4128
6089
8016
47
4932
5371
10697
5501
9440
8183
1002
9369
6635
10676
1635
7245
9777
11751
1129
2704
11151
10459
7589
8946
11271
11023
4273
10671
11290
2538
2550
2054
8176
3879
11163
8397
9026
4758
1812
10123
7130
1143
8384
11524
9430
7053
6705
1168
8012
3479
11948
9301
7706
11792
11124
433
7862
1773
1225
4005
9151
2632
22
8345
1224
7519
2729
11848
5592
7206
6451
10915
4181
8070
4726
9063
7006
10922
11726
11982
5493
4015
1644
4943
260
6610
10584
1144
1514
10321
10137
4478
8013
2130
4478
4329
6878
9043
4106
10627
5192
7753
294
3379
806
10289
10621
11879
5973
7010
9522
8946
806
6863
10287
1674
3586
5458
7569
10088
8375
6102
5165
9652
3937
9010
7343
10009
4728
7420
4082
10446
159
10254
7214
2030
938
3447
5737
3413
7650
3787
7888
6526
2389
8871
8583
4900
11915
6415
1019
8454
5498
9030
2519
5969
848
8183
5574
11305
7516
3513
6197
3962
5275
5878
8210
11033
6670
6560
2794
5331
8547
3148
160
11253
10988
3606
8333
1455
8417
9852
1404
11228
4547
9911
7607
3461
7662
10966
10386
10616
10215
8376
10200
9489
8449
7434
11364
9527
10886
2773
6137
9113
10983
1470
2837
1877
3045
597
5866
4748
6633
5516
10922
6246
9851
8050
1896
9913
10076
3753
724
10248
5510
5927
11261
10595
3977
92
5726
5626
3957
5599
3511
823
7493
1221
9514
6709
9951
5132
11533
4859
4186
7163
5354
579
950
1921
6568
11895
7037
949
4649
8857
381
5210
5295
4500
6392
9340
7748
6976
8988
7464
7619
2441
5040
9474
6925
1066
1979
8397
4644
11008
7261
4454
1213
5181
9859
2435
4480
432
2126
6977
10397
9829
3783
4672
3565
7824
9242
2045
8592
6342
4064
2198
7342
8714
8176
10272
6125
1432
8565
10183
2712
2507
547
3330
3840
2624
3277
11272
8798
4951
3837
3488
6783
3123
5535
11438
3275
1008
6352
11342
9040
231
9285
11946
1925
8343
10247
4363
241
11503
907
10977
5317
1739
4895
2730
3381
11923
7056
2755
6167
6681
9015
8014
6448
7074
8214
4374
625
8689
11656
11326
6817
5603
800
10853
9773
10109
9904
11491
2314
8224
338
624
18
7604
1363
8949
666
8686
5255
5613
10571
9989
130
8160
2205
1768
3651
2255
3625
7911
3860
3576
8681
2305
11519
3524
2073
7206
10244
3117
8999
1372
1237
8850
10213
3697
5811
5400
10371
5889
6633
8281
11477
224
10417
10301
7887
2841
320
2322
7595
2650
979
10897
9052
3499
223
5195
2345
10744
8668
4528
2004
9596
6068
1995
3848
6981
5653
6609
1598
5489
4320
7146
8667
6555
4498
11822
527
7095
8741
4168
5721
8770
11701
1939
11758
10164
1947
7973
2103
7354
423
9480
3158
11165
5560
2562
79
10459
9734
6902
9185
8320
1268
7518
9143
1901
2630
6680
7041
3000
5770
4251
8895
6218
5792
5406
7024
4625
4419
10433
9262
7842
3938
10585
10499
8141
9588
11194
5732
3045
2727
1330
10871
3535
6537
3773
6221
1741
7737
11228
5407
10439
3740
11510
6715
4951
2760
6895
5001
6777
10450
7876
6545
175
10171
3893
2819
2422
615
8175
2874
4163
4884
4349
11200
2915
3476
9631
7534
11320
9475
8994
2839
6026
6004
6062
10486
7522
3782
2146
6163
5558
5699
2185
8049
580
1057
9672
5245
3321
8419
5849
9031
6821
7372
250
4234
1076
8740
552
9936
10772
9905
6784
1856
6152
4516
3720
4903
6328
10116
10818
1438
10986
859
11150
10986
498
11275
8795
4431
2087
3613
6193
731
3178
11546
6422
8170
3133
8611
7917
10594
5363
1257
8336
752
8773
6395
1479
5737
3170
9743
3836
1680
5465
9555
11986
2517
366
2149
4750
10204
11133
697
2243
2878
1892
6631
2711
8411
11438
7332
8142
994
1416
603
11055
6915
7517
8646
6920
87
3475
3177
5161
9330
3654
1136
5742
125
7721
1941
7605
5653
317
11662
8928
11811
8657
4053
3253
9957
7066
1455
991
11253
2867
8374
8533
10424
5712
6104
11425
3931
3176
7397
1234
10250
1703
11553
3888
5897
6358
11691
6644
610
11596
172
8571
4409
10517
8051
1473
372
5450
10433
10602
2506
4818
6853
2041
10729
8843
6829
2834
5764
379
2242
1561
4459
6132
6050
2389
9877
3475
7321
7558
7450
2004
442
11908
4674
9499
9063
8842
10065
4383
2870
4621
11498
3475
8865
8624
7845
4938
11538
5206
718
9577
2452
11443
10446
5008
180
1487
6150
6212
3067
3948
3812
4073
10081
8380
9047
4258
7278
1393
1969
1956
1849
9258
6303
10849
11614
2632
11337
8792
4728
2724
6070
1805
7235
1947
6729
3941
10998
5905
6473
5589
6457
8453
10361
3999
4583
5812
9431
10439
10954
3763
5365
7093
4029
11141
11897
11021
1428
10578
7460
3765
907
6474
2744
8306
5596
990
7951
7212
3974
4415
5220
10548
7790
4758
7919
11583
1082
310
11913
5759
6313
6869
2156
4248
1579
4264
11090
10108
8359
353
10454
6007
146
3251
10684
2596
8843
4468
5505
11465
11043
4644
8929
5392
10115
5833
7066
1813
6567
5896
4936
11239
10216
4761
8580
6011
1421
224
5194
973
4150
8484
11984
5083
861
10529
9748
5340
9672
9204
3874
8787
10714
3480
9406
3219
11821
8344
7929
3050
6899
3066
824
6782
11105
4169
1146
6916
2601
4232
1826
7517
8894
2460
8381
5140
4511
1462
1532
95
5843
1482
11150
11518
10376
4255
11553
3678
7138
6688
897
2488
7578
2860
6290
2664
495
8518
2707
1170
4143
9487
5019
4178
8581
854
7216
4598
2696
7339
5660
9745
6911
8105
10199
2448
4320
6218
11793
2962
4195
645
2261
10219
7313
10085
4875
3271
4977
7111
9227
8877
11972
6735
9415
1847
2987
4048
9314
5779
8410
10309
2870
3570
3186
9139
6843
6276
10418
6208
5824
10484
8750
9683
10751
4116
1461
1095
1799
3204
4754
10777
4684
5939
9965
3013
5241
10409
7752
4871
4682
7548
10396
7907
1762
9477
8814
2845
3625
8106
2284
4383
3441
604
8530
4654
2534
11427
9332
10397
5196
10461
6583
5155
3030
5758
8436
6874
6429
5315
6074
3964
8838
1061
11188
1979
11399
3924
4259
5714
8230
2374
3394
1668
7026
3046
5847
6391
7360
2715
4990
10854
2005
6690
2544
10458
1101
7196
8030
6551
4797
6582
7791
1281
6448
4997
256
4812
10491
652
10793
666
3492
10939
7505
11152
6293
6238
2109
9204
5034
869
1831
1537
2953
5813
4151
966
9407
2569
9287
4260
3858
5105
3006
11386
10188
1540
3074
7068
7398
2530
146
5312
5007
7125
1735
3312
1642
11351
1659
702
1157
2457
1115
9900
3123
8786
3934
5138
1637
6500
6803
3919
3397
2789
520
4054
11403
11377
1045
2465
9179
1832
10995
2971
4091
7287
11483
7081
9182
3731
1399
6990
2259
4028
3200
8633
5986
9424
4613
10388
3465
7142
2220
8400
5079
10145
10219
3502
9263
6627
5012
8849
9445
4596
5306
10674
10336
10446
5881
25
3997
10088
5393
8293
1486
10888
2053
8038
10297
1546
11727
8232
5475
9565
11716
5499
5534
6619
1545
7744
9375
8663
4562
9767
9512
6696
2824
9937
9876
2376
6508
8721
3211
4602
11133
2783
1332
1866
3622
4489
11045
8251
4210
8594
1265
4336
11832
11443
9065
986
5720
208
1359
9041
3142
8911
7535
4581
2709
6755
11954
2605
6510
366
9653
8790
2420
5793
8810
3628
4895
1347
11980
10144
11026
8815
9207
3550
5462
7112
1008
129
1323
9504
6118
6148
272
10710
6804
5736
3301
11532
9078
87
10391
5050
2122
7120
8523
8739
11187
9442
10247
9504
2072
2289
11145
4534
8328
11242
10650
7328
9182
10809
3616
11552
1128
11783
276
2965
7571
1092
1757
2833
11359
9443
4931
325
7222
609
11807
11084
11695
4663
7043
8127
7078
7303
3815
8217
10312
4059
9295
4505
7407
4178
9954
1274
5776
6861
4104
9634
3915
4233
9226
8004
10678
5980
11233
3849
2484
9591
4240
2135
11925
8924
3246
2226
6915
4680
3129
5789
4684
5151
7164
9363
10871
4358
8447
5483
955
9645
10733
951
1545
5244
7066
5969
8448
10942
132
2436
5533
8338
6025
9523
1958
10440
10171
10068
152
8977
287
9148
2703
4548
1555
593
11457
684
1548
6260
4467
10510
9430
8530
6059
10417
2596
7606
10610
9648
9448
1663
7955
7220
1562
2220
5178
6673
6043
5507
7721
10588
1922
11489
9501
992
5214
9718
6086
5191
6063
11657
6097
4415
2757
374
1079
7902
5437
2760
7168
798
10944
8587
4147
6714
4843
1418
5886
635
18
6902
5616
8895
2241
3222
3155
3913
6849
3347
1969
2250
4546
10769
4148
1432
5633
6059
11902
5794
3835
847
10729
1504
5248
5827
11703
9287
7586
10652
6410
11794
2887
10109
823
8962
7932
2931
11425
837
8366
11472
1924
1789
2318
1302
464
864
2412
6760
4434
401
7003
3031
11808
645
2727
2076
406
3386
8799
9077
5852
8727
7173
10169
5177
6121
8182
4916
10488
2137
110
2330
7551
7253
7615
2459
6558
2012
9206
11212
5891
5661
2731
10811
7257
8439
1482
6899
7605
6003
8967
9638
7387
10268
10859
2624
2088
7529
7344
6029
6737
3919
2243
9648
8826
1033
182
6905
6824
6770
1053
8758
7113
2849
5723
773
8997
1384
3778
10667
9007
395
5201
4628
8597
7458
8157
5745
3917
663
9774
7676
9059
4231
7423
11413
7780
9815
6550
6994
5557
9449
2903
7381
10423
4378
11320
698
10101
7891
652
10914
9736
11450
11716
1552
11194
5274
9794
4506
10440
11732
9431
8873
11931
1666
9377
304
5316
4560
2081
309
7056
8783
8050
10245
8043
11779
11000
1947
8825
11641
11898
8514
4463
11961
789
728
8841
8004
7034
7252
7849
4439
6472
1993
1006
4225
11140
8250
7271
5364
5830
6643
4710
2938
1077
10852
6517
10818
11405
11319
6941
11156
2459
10057
4619
9618
10945
8140
702
1558
11814
5740
1557
2073
3911
3350
8340
11379
9060
10637
3509
6820
3591
1464
1289
5987
8731
2959
3585
6221
8529
2009
5306
161
10910
2162
4562
3021
4790
3436
4272
2965
7436
5532
10470
4066
3736
5987
7270
10645
2355
5587
7910
8023
216
2707
6450
2918
10358
1341
6809
8818
2858
8284
4791
11691
6109
8217
5655
7577
7718
8832
761
7277
6434
7759
11057
7996
9206
9654
2362
1011
4556
9600
11375
2141
3195
4171
10394
7998
5450
2484
8198
11477
1441
9837
8681
2502
8881
595
471
4079
8277
8680
5402
5180
11938
11116
5257
8179
3314
10414
5597
9684
5672
11554
11977
45
7017
5057
8136
954
754
6251
4816
2866
198
8561
10673
10191
11042
11060
5026
928
8799
8068
434
373
2912
1235
9240
9347
6852
10251
5733
4392
3306
11769
1181
10672
6924
10357
4887
3229
10484
5000
11384
10245
8219
897
11171
6603
637
10525
1727
2099
8532
10551
10657
7303
7139
2636
7165
8452
394
8197
1797
1613
729
3912
2503
9561
7803
1025
6391
9451
808
1917
10159
2197
10653
11305
9291
7715
7587
3943
3766
9681
10678
4324
7773
10537
1829
7938
8630
6371
11996
7216
9987
471
1900
10905
4826
378
8810
9825
3778
8164
1325
325
815
10984
8890
5060
10457
8293
11285
2559
4811
4876
44
944
9538
1916
8572
7063
8295
4686
11651
1905
6932
11605
5206
831
7449
8835
4316
1069
8334
6715
6926
1742
9481
4716
3560
1241
4770
10645
11926
4459
727
5934
375
6959
3469
11814
1084
2407
6841
1297
395
8082
7317
2771
11811
874
9214
6526
822
8524
1706
5627
1464
5261
11413
2449
2590
8583
3319
5933
480
4958
373
4995
6286
2204
3240
4283
10131
11057
7511
10653
10639
8931
9386
6490
9410
8651
646
5774
10665
7308
8746
6081
2651
5800
607
9682
11610
3382
9268
10753
10516
1874
414
7291
11827
11243
7277
9152
3120
10629
1990
3036
9617
10113
8451
407
8017
4865
7474
10968
3800
9364
9549
6406
8510
8509
6932
11826
1
6988
2405
10389
5133
10162
4278
9965
3297
3591
6751
3635
8162
3438
5990
11768
6305
7197
412
529
1746
546
8689
1841
11456
5180
10829
1329
5999
2495
1821
569
3187
2049
3185
11687
5285
148
8653
6303
2800
1439
3777
11843
7159
8772
8634
5587
6394
9808
4568
9063
7324
11951
9045
8325
5730
7657
2385
6230
6141
10017
1394
8789
11377
4107
8345
9667
3798
4657
2361
2292
11112
10512
11237
2514
5597
8307
8960
4466
615
10579
8674
9939
6018
5822
1633
614
3057
9989
10075
3689
2962
3226
5898
1171
6552
5125
6720
220
8531
2195
8312
4937
11169
8069
9158
1824
6895
10928
7174
149
5821
9403
348
2482
8870
7362
10063
7051
3627
6167
2108
3273
7646
845
10918
2812
1215
3188
5692
10312
426
10685
5824
10207
756
1106
11904
11470
4628
9984
422
11404
4602
10021
4025
881
1363
1394
952
640
9964
320
11148
8083
3669
9108
8094
1632
7245
1545
1602
5559
930
8079
4734
145
6760
3346
10742
651
7081
3483
2499
1885
4010
6257
6602
11090
9268
3996
3099
2782
3576
8792
8796
3484
11044
34
8903
6178
8641
4180
3156
8736
9828
9873
10464
5970
4374
1244
11682
1227
9788
6245
3831
6129
1284
5541
2992
1062
10734
6385
3768
2940
9234
1645
7165
4364
3770
9278
10650
5724
11907
490
7952
2468
918
9506
8872
10917
9166
7500
233
4279
6050
4986
6222
1677
2336
8889
5196
899
9817
10923
5782
9404
1552
2078
10263
3153
8394
3058
8104
11630
8550
841
5902
10386
9767
4353
11479
10131
6347
5460
8492
2209
5443
5616
7761
8401
6531
8415
10323
1489
4241
9955
9972
7041
2974
6684
8218
8854
3541
5147
1716
10886
6046
11115
711
5527
11047
11675
476
2081
4885
7150
4666
2372
3474
7222
10960
5240
4691
1300
624
4248
5885
8776
11592
1690
5699
7848
611
944
6210
1402
6286
2326
2691
8017
9542
724
7958
2864
3284
5008
3654
1482
8466
2699
10761
9669
2227
9211
7638
7174
4816
3469
690
11191
3287
4707
5952
61
11837
406
3503
594
10336
9970
6208
2322
11560
2959
10773
4117
9007
5599
11834
3395
11290
5920
5124
7899
9633
56
1135
10188
8587
5413
2937
494
9660
3908
9028
3653
19
6931
7589
4782
5114
438
4701
1928
8079
743
7927
10225
4560
2593
10995
3052
10033
9897
8142
11372
4949
9282
3363
9674
8990
6842
9408
1643
5569
10215
7612
7500
2216
10884
1287
11742
302
10452
3268
11323
2649
11005
5528
7609
3050
11542
11671
11723
3813
10432
8388
7143
3983
11784
2209
6094
2024
10991
8394
9657
3680
7394
8525
3988
5168
11928
2633
4598
5582
8980
239
7806
11558
3004
4354
1079
7587
3564
7144
11272
9728
6315
10537
325
7662
205
9208
1682
10328
865
8592
2043
6686
7142
8744
6473
11387
2986
319
7384
4558
8298
6489
6352
8399
3163
4326
9359
6875
2199
1246
3144
2707
6955
3860
1002
3750
5191
10944
9087
2406
11396
2835
1690
5948
3034
1495
9339
1623
1109
9515
2866
3957
9232
845
11587
4233
684
7884
5022
7888
8365
1136
11780
7810
601
11415
8061
5563
3294
6044
590
11526
4323
8902
9893
8584
5817
10679
6100
5849
8376
3504
9474
1759
6122
6928
8986
1812
209
6365
6749
3622
1538
7868
3290
7206
10569
740
7944
8018
9388
10225
11443
5649
9241
4913
10322
855
2267
9962
8684
3557
9817
10894
2140
10148
11632
5139
6959
1395
9382
5522
6577
11803
11865
7918
11982
2419
8285
5840
5622
4682
5896
4334
947
2924
2416
8166
1241
4936
10228
9250
5454
6689
6563
10970
2134
907
2923
671
5215
2040
1913
5809
7111
2089
954
11927
3546
10556
8225
1245
2710
3329
8526
4336
2496
1751
10132
7619
3380
10576
2141
8895
1602
7184
6939
2403
10090
5888
4845
4320
9062
5784
10392
6977
317
2943
8438
11111
6810
8261
4836
2911
42
10027
9772
2289
5933
397
10515
4503
6398
7908
3821
574
6040
5504
559
4929
10620
11444
11195
11185
7410
6705
1874
2742
5460
276
7673
5577
3319
4486
10184
2361
5990
8208
6675
8090
8862
6955
3400
5431
6068
8094
1729
4609
6780
1192
8951
2832
5070
1573
7004
7250
7294
3350
11695
8936
3442
1657
8155
2555
10665
1694
4178
6253
47
3669
2357
6677
5008
6845
7873
2907
6878
9107
3592
